Recoil    
-50       
-50       
-50       
-50       
-49       
-48       
-46       
-46       
-46       
-45       
-45       
-45       
-45       
-45       
-45       
-44       
-44       
-44       
-43       
-43       
-43       
-41       
-41       
-41       
-40       
-40       
-40       
-40       
-40       
-40       
-40       
-40       
-40       
-40       
-40       
-39       
-39       
-39       
-39       
-39       
-38       
-38       
-38       
-38       
-37       
-37       
-37       
-37       
-37       
-37       
-37       
-37       
-37       
-37       
-36       
-36       
-36       
-36       
-36       
-36       
-35       
-35       
-35       
-35       
-35       
-35       
-35       
-34       
-34       
-34       
-34       
-34       
-34       
-34       
-33       
-33       
-32       
-32       
-32       
-31       
-30       
-30       
-30       
-21       
-20       
-20       
-18       
-18       
-12       
-10       
-10       
-10       
-10       
-10       
-10       
-8        
-6        
-5        
-5        
-5        
-5        
-4        
-4        
-4        
-4        
-3        
-3        
-3        
-3        
-2        
-2        
-2        
-2        
-2        
-2        
-2        
-2        
-1        
-1        
-1        
-1        
