Ergonomics
-4        
-2        
-3        
-2        
-2        
-2        
-5        
-3        
-2        
-7        
-6        
-3        
-2        
-4        
-2        
-2        
-4        
-6        
-7        
-3        
-6        
-4        
-3        
-1        
-1        
-2        
0         
0         
0         
0         
0         
-5        
-8        
-3        
-4        
-6        
-7        
-7        
-7        
-3        
-3        
-10       
-8        
-8        
-4        
-2        
-3        
-3        
-5        
-5        
0         
0         
0         
0         
0         
0         
1         
0         
0         
1         
1         
0         
0         
0         
1         
1         
0         
0         
0         
0         
0         
0         
0         
0         
0         
0         
0         
0         
0         
0         
0         
0         
0         
0         
0         
0         
0         
0         
0         
0         
0         
0         
0         
0         
0         
0         
0         
0         
0         
0         
0         
0         
0         
0         
-1        
-2        
0         
0         
0         
0         
-2        
-2        
0         
0         
0         
1         
1         
0         
0         
0         
0         
0         
0         
0         
