Range     
800       
800       
800       
800       
800       
800       
1000      
500       
0         
200       
200       
200       
200       
600       
200       
400       
300       
250       
250       
200       
200       
300       
200       
200       
200       
100       
150       
100       
150       
150       
150       
500       
2000      
1500      
1000      
1500      
600       
600       
600       
1500      
800       
600       
800       
800       
800       
1000      
500       
500       
300       
500       
500       
500       
600       
600       
600       
600       
300       
200       
300       
300       
300       
300       
300       
300       
300       
300       
500       
500       
600       
500       
600       
500       
500       
500       
200       
200       
200       
500       
300       
600       
200       
300       
600       
200       
200       
100       
500       
500       
420       
420       
200       
200       
200       
200       
200       
200       
200       
200       
500       
500       
500       
500       
0         
300       
500       
200       
200       
100       
200       
200       
200       
600       
300       
200       
200       
300       
300       
200       
200       
200       
200       
200       
200       
200       
