Capacity  
10        
10        
10        
10        
10        
10        
10        
10        
10        
100       
12        
10        
20        
2         
20        
20        
3         
30        
30        
30        
30        
35        
4         
40        
45        
5         
5         
5         
5         
60        
60        
45        
30        
30        
10        
10        
5         
10        
71        
8         
95        
30        
40        
33        
30        
30        
50        
20        
10        
20        
30        
50        
20        
17        
30        
30        
30        
30        
10        
30        
30        
10        
20        
30        
7         
20        
7         
17        
18        
41        
10        
5         
60        
11        
4         
40        
75        
20        
15        
84        
30        
10        
20        
30        
30        
20        
20        
30        
30        
30        
21        
35        
73        
20        
10        
20        
5         
50        
18        
5         
20        
30        
15        
20        
25        
30        
20        
20        
30        
20        
30        
40        
20        
30        
30        
30        
8         
50        
50        
50        
50        
