Capacity  
2         
3         
4         
4         
4         
4         
5         
5         
5         
5         
5         
5         
5         
5         
5         
6         
6         
7         
7         
7         
7         
8         
8         
8         
8         
8         
10        
10        
10        
10        
10        
10        
10        
10        
10        
10        
10        
10        
10        
10        
10        
10        
10        
10        
10        
10        
10        
11        
12        
15        
15        
17        
17        
18        
18        
20        
20        
20        
20        
20        
20        
20        
20        
20        
20        
20        
20        
20        
20        
20        
20        
20        
20        
20        
20        
20        
21        
25        
30        
30        
30        
30        
30        
30        
30        
30        
30        
30        
30        
30        
30        
30        
30        
30        
30        
30        
30        
30        
30        
30        
30        
30        
30        
30        
30        
30        
30        
30        
33        
35        
35        
40        
40        
40        
40        
41        
45        
45        
50        
50        
50        
50        
50        
50        
50        
60        
60        
60        
71        
73        
75        
84        
95        
100       
