Check Speed
0         
0         
0         
0         
-15       
0         
0         
0         
0         
0         
-30       
-30       
0         
0         
0         
0         
0         
0         
-20       
-20       
0         
0         
0         
-20       
0         
-20       
0         
0         
0         
0         
0         
0         
0         
-30       
-15       
0         
0         
-30       
-15       
0         
0         
-5        
0         
-30       
0         
0         
0         
-20       
0         
0         
0         
-20       
0         
0         
-20       
0         
0         
0         
0         
0         
0         
0         
0         
0         
0         
0         
0         
0         
10        
0         
0         
0         
-30       
0         
0         
-50       
-30       
0         
-20       
0         
0         
0         
0         
0         
-50       
0         
0         
0         
0         
20        
0         
0         
-5        
0         
0         
0         
0         
0         
0         
-35       
0         
0         
0         
0         
0         
-50       
0         
0         
-30       
20        
20        
15        
20        
20        
0         
-50       
15        
15        
15        
-20       
20        
15        
15        
20        
20        
20        
25        
20        
30        
15        
30        
25        
25        
30        
