Ergonomics
0         
-1        
-1        
0         
1         
0         
0         
0         
0         
-1        
1         
0         
-1        
-1        
-2        
-1        
-2        
-2        
0         
0         
-3        
-2        
-2        
0         
-4        
0         
0         
-2        
0         
-2        
0         
-2        
0         
1         
-1        
-3        
-3        
1         
0         
-1        
0         
1         
0         
-1        
1         
-1        
-7        
-3        
-3        
0         
0         
0         
0         
0         
0         
-5        
-2        
-2        
1         
-3        
0         
-2        
-2        
-20       
0         
-1        
-2        
-4        
-3        
0         
0         
0         
0         
0         
0         
0         
-2        
-1        
-2        
-3        
-3        
-5        
-3        
-3        
-2        
-3        
-5        
-6        
-3        
-3        
-3        
-3        
-1        
-4        
-4        
-1        
-1.5      
-1.5      
-4        
-4        
0         
0         
-1        
0         
-1        
0         
-2        
-2        
-3        
-3        
-7        
-7        
-6        
-6        
-2        
-1        
-7        
-7        
-5        
0         
-15       
-2        
-10       
-8        
-16       
-10       
-15       
-12       
-9        
-17       
-26       
-20       
-19       
-27       
