Load/Unload Speed
-20       
0         
0         
-20       
0         
0         
-15       
-5        
-5        
-10       
-10       
0         
0         
0         
-15       
0         
0         
0         
-25       
-25       
0         
0         
0         
-20       
0         
-15       
0         
-15       
-15       
-5        
0         
0         
0         
-10       
-15       
0         
0         
-10       
0         
0         
0         
-5        
0         
0         
0         
-15       
0         
-25       
-15       
0         
0         
-10       
0         
0         
0         
15        
0         
0         
-10       
0         
0         
0         
0         
15        
0         
0         
0         
-15       
10        
-15       
0         
0         
0         
0         
0         
0         
-10       
0         
-10       
0         
0         
0         
0         
0         
0         
0         
0         
0         
0         
0         
-10       
0         
-5        
0         
0         
-10       
-10       
0         
0         
0         
-15       
0         
0         
0         
0         
0         
0         
-10       
-10       
20        
20        
10        
0         
0         
0         
0         
0         
0         
15        
75        
-10       
15        
25        
15        
0         
50        
20        
15        
35        
22        
35        
25        
40        
30        
