Subclass Number
15        
15        
15        
15        
15        
15        
15        
15        
15        
15        
15        
15        
15        
15        
15        
15        
15        
15        
15        
15        
15        
15        
15        
15        
15        
15        
15        
15        
15        
15        
15        
15        
15        
15        
15        
15        
15        
15        
15        
15        
15        
15        
15        
15        
15        
15        
15        
15        
15        
15        
15        
15        
15        
15        
15        
15        
15        
15        
15        
15        
15        
15        
15        
15        
15        
15        
15        
15        
15        
15        
15        
15        
15        
15        
15        
15        
15        
15        
15        
15        
15        
15        
15        
15        
15        
15        
15        
15        
15        
15        
15        
15        
15        
15        
15        
15        
15        
15        
15        
15        
15        
15        
15        
15        
15        
15        
15        
15        
15        
15        
15        
15        
15        
15        
15        
15        
15        
15        
15        
15        
15        
15        
15        
15        
15        
15        
15        
15        
15        
15        
15        
15        
15        
15        
