Ergonomics
2         
0         
1         
1         
1         
3         
0         
0         
0         
0         
0         
1         
0         
1         
0         
0         
2         
3         
0         
-1        
-1        
0         
0         
0         
0         
0         
0         
-2        
0         
-1        
0         
0         
0         
-1        
-2        
-1        
0         
0         
0         
0         
0         
0         
0         
0         
-1        
-1        
-1        
-1        
-1        
0         
-1        
0         
0         
-4        
-1        
2         
2         
-1        
5         
-1        
-1        
-1        
-1        
0         
0         
0         
-1        
-1        
-1.7      
-1        
-1        
0         
0         
0         
-1        
0         
-1        
0         
-1        
-1        
-1        
0         
-2        
-1        
-1        
-1        
-1        
-1        
0         
0         
0         
0         
-2        
-2        
-1        
-1        
-1        
-1        
-1        
-1        
-2        
0         
0         
0         
0         
-1        
-1        
-1        
0         
0         
0         
0         
0         
-1        
0         
0         
-1        
-1        
-1        
0         
0         
-2        
1         
0         
0         
0         
0         
0         
-1        
-1        
3         
-2        
0         
-2        
-1        
-2        
0         
0         
1         
10        
2         
16        
3         
2         
13        
8         
11        
2         
7         
0         
11        
10        
6         
14        
14        
4         
2         
0         
27        
13        
2         
0         
4         
2         
2         
-4        
6         
2         
8         
14        
-1        
11        
12        
8         
0         
0         
29        
16        
15        
9         
6         
4         
5         
25        
0         
0         
2         
2         
2         
18        
11        
7         
5         
1         
5         
6         
14        
3         
-1        
2         
5         
0         
5         
1         
10        
8         
2         
2         
5         
2         
5         
3         
13        
10        
4         
0         
0         
16        
5         
5         
5         
5         
1         
0         
6         
2         
0         
2         
5         
9         
5         
5         
15        
14        
23        
23        
1         
1         
8         
-1        
15        
13        
20        
0         
0         
13        
3         
1         
9         
3         
28        
2         
16        
2         
15        
6         
10        
17        
25        
6         
9         
9         
-3        
5         
10        
19        
