Recoil %  
0         
0         
0         
0         
0         
0         
0         
0         
0         
0         
0         
0         
0         
0         
0         
0         
0         
0         
0         
0         
0         
0         
0         
0         
0         
0         
0         
0         
0         
0         
0         
0         
0         
0         
0         
0         
0         
0         
0         
0         
0         
0         
0         
0         
0         
0         
0         
0         
0         
0         
0         
0         
0         
0         
0         
0         
0         
0         
0         
0         
0         
0         
0         
0         
0         
0         
0         
0         
0         
0         
0         
0         
0         
0         
0         
0         
0         
0         
0         
0         
0         
0         
0         
0         
0         
0         
0         
0         
0         
0         
0         
0         
0         
0         
0         
0         
0         
0         
0         
0         
0         
0         
0         
0         
0         
0         
0         
0         
0         
0         
0         
0         
0         
0         
0         
0         
0         
0         
0         
0         
0         
0         
0         
0         
0         
0         
0         
0         
0         
0         
-2        
0         
0         
-2        
0         
0         
0         
0         
-4        
-35       
-37       
-46       
-39       
-43       
-36       
-50       
-33       
0         
-35       
-2        
-34       
-32       
-32       
-4        
-4        
-34       
-35       
-4        
-45       
-40       
-5        
-3        
-36       
-20       
-20       
-37       
-43       
-37       
-44       
-40       
0         
-49       
-35       
-37       
-1        
0         
-45       
-10       
-35       
-2        
-45       
-34       
-34       
-12       
0         
0         
-37       
-36       
-35       
-41       
-34       
-35       
-45       
-3        
-40       
-44       
-36       
-32       
-2        
-36       
-38       
0         
-40       
-39       
-45       
-44       
-37       
-36       
-18       
-37       
-18       
-38       
-37       
-10       
-33       
-45       
0         
-31       
-41       
-40       
-40       
-40       
-5        
-2        
-41       
-37       
-1        
-37       
-40       
-50       
-40       
-10       
-5        
-46       
-10       
-10       
-3        
-5        
-10       
0         
-8        
-30       
-43       
-1        
-1        
-46       
-38       
-3        
-38       
-39       
-40       
0         
-34       
-21       
-48       
-30       
-2        
-39       
-34       
-39       
-50       
-2        
-6        
-40       
-30       
-50       
