Fire Rate (RPM) 
800        
650        
600        
600        
600        
600        
650        
650        
650        
600        
600        
600        
600        
650        
650        
650        
650        
650        
650        
650        
650        
850        
700        
800        
700        
800        
600        
600        
900        
40         
40         
600        
650        
800        
900        
950        
950        
900        
1100       
850        
900        
700        
1000       
900        
900        
1000       
650        
30         
30         
30         
40         
40         
30         
30         
700        
700        
700        
700        
900        
30         
30         
30         
30         
30         
30         
30         
30         
750        
750        
30         
30         
1200       
30         
30         
30         
30         
30         
30         
30         
30         
30         
30         
30         
