Ergonomics
-5        
-4        
-1        
-4        
-7        
2         
-9        
-10       
-4        
-7        
7         
5         
-5        
-2        
-9        
-6        
-8        
-10       
-13       
0         
-6        
-10       
-5        
-10       
-3        
-5        
0         
-5        
0         
0         
0         
0         
-6        
-9        
-1        
-3        
0         
0         
0         
-5        
-5        
-8        
-8        
-8        
-8        
-10       
-10       
-5        
-8        
-10       
0         
-5        
-9        
-8        
1         
-4        
-3        
0         
2         
-3        
-4        
1         
0         
3         
0         
0         
-3        
-10       
-7        
-4        
0         
0         
-11       
-12       
-6        
-11       
-5        
-8        
-4        
0         
-5        
-3        
-4        
-10       
-11       
0         
0         
0         
0         
0         
0         
0         
0         
0         
6         
14        
0         
0         
0         
0         
1         
1         
2         
12        
0         
12        
15        
11        
9         
6         
3         
10        
7         
9         
15        
8         
7         
10        
7         
6         
12        
10        
8         
14        
10        
10        
6         
7         
10        
4         
4         
5         
6         
10        
14        
7         
9         
9         
9         
7         
8         
5         
4         
9         
10        
6         
10        
4         
10        
5         
4         
4         
4         
5         
11        
8         
5         
3         
7         
5         
10        
9         
7         
2         
5         
9         
2         
7         
9         
4         
5         
4         
5         
13        
7         
5         
5         
6         
5         
10        
8         
8         
13        
6         
6         
3         
11        
6         
3         
12        
11        
7         
7         
11        
7         
7         
8         
10        
7         
13        
7         
8         
16        
10        
5         
10        
12        
7         
5         
5         
13        
8         
8         
8         
12        
7         
2         
9         
7         
-1        
5         
6         
13        
5         
10        
10        
12        
6         
7         
3         
5         
5         
5         
5         
5         
5         
6         
5         
5         
5         
5         
10        
13        
5         
5         
5         
18        
9         
8         
10        
15        
11        
5         
5         
5         
7         
6         
5         
10        
4         
10        
6         
8         
12        
18        
8         
4         
8         
8         
5         
13        
2         
2         
4         
13        
2         
2         
0         
4         
4         
6         
2         
4         
0         
5         
5         
5         
5         
5         
5         
5         
5         
0         
2         
2         
7         
5         
8         
5         
5         
5         
0         
5         
4         
5         
0         
0         
10        
6         
2         
1         
-1        
-5        
-5        
5         
7         
6         
6         
0         
6         
5         
5         
8         
2         
0         
3         
1         
