Recoil (%)
-1        
-4        
-1        
-9        
-7        
0         
-7        
-4        
-4        
-9        
0         
-1        
-8        
-3        
-10       
-2        
-3        
-10       
-12       
0         
-8        
-13       
-9        
-10       
-5        
-5        
-3        
-5        
-3        
-3        
-3.25     
-3        
-2        
-4        
-2        
-3        
-3        
-3.5      
-3.5      
-4        
-4        
-6        
-6        
-9        
-9        
-10       
-10       
-4        
-6        
-10       
-3        
-5        
-9        
-9        
-4        
-6        
-4        
-3        
-1        
-2        
-4        
-3        
-5        
-8        
-6        
-3        
-5        
-10       
-9        
-4        
-3        
-3        
-5        
-6        
-5        
-9        
-5        
-7        
-10       
-3        
-3        
-4        
-4        
-8        
-6        
-3        
-3        
0         
0         
0         
0         
0         
0         
0         
-1        
-3        
0         
0         
0         
0         
0         
0         
0         
-3        
0         
-4        
0         
-3        
-1        
-4        
-1        
-3        
-6        
-2        
0         
-1        
-2        
0         
-1        
0         
-3        
0         
0         
-1        
-1        
-1        
-1        
0         
-5        
0         
0         
-2        
0         
-2        
-3        
0         
0         
0         
0         
0         
-3        
-2        
-1        
0         
-3        
0         
0         
0         
-2        
0         
0         
0         
0         
0         
-3        
0         
0         
-1        
0         
-2        
-2        
-1        
-1        
-1.2      
0         
0         
-1.1      
-2        
-2        
0         
0         
-0.5      
0         
0         
0         
0         
0         
-4        
-4        
0         
-1        
-1        
-3        
-2        
-1        
-1        
-1        
0         
-1        
-4        
-1        
-1        
-2        
-4        
-1        
-5        
0         
-1        
0         
0         
-3        
0         
-2        
-1        
-3        
-3        
0         
0         
0         
0         
0         
0         
0         
0         
0         
0         
0         
0         
0         
-3        
0         
0         
0         
0         
0         
0         
0         
0         
0         
0         
0         
0         
0         
0         
0         
0         
0         
0         
0         
0         
0         
0         
0         
0         
0         
0         
-39       
0         
0         
0         
0         
0         
0         
0         
0         
0         
0         
0         
0         
0         
0         
0         
0         
0         
0         
0         
0         
0         
0         
0         
0         
0         
0         
0         
-2        
-1        
-3        
-2        
-4        
0         
0         
0         
0         
0         
0         
0         
0         
0         
0         
0         
0         
0         
0         
0         
0         
0         
0         
-5        
0         
0         
0         
0         
0         
-1        
-2        
-3        
0         
-7        
2         
-1        
0         
0         
0         
0         
0         
0         
0         
0         
0         
-2        
0         
0         
0         
0         
0         
-2        
-2        
