Total # of Ammo Types
10        
14        
4         
4         
4         
18        
7         
7         
12        
14        
8         
16        
12        
12        
14        
8         
10        
14        
14        
24        
7         
14        
14        
14        
14        
14        
14        
14        
14        
8         
10        
12        
12        
8         
8         
8         
8         
8         
8         
8         
8         
16        
16        
8         
16        
14        
18        
5         
14        
5         
14        
18        
8         
8         
6         
14        
14        
18        
14        
6         
4         
14        
14        
24        
24        
24        
24        
24        
10        
10        
10        
10        
10        
10        
18        
18        
18        
16        
